Date,Test_Executed,Test_Passed,Test_Failed,Pass_Rate(%),Open_Bugs,Critical_Bugs,Code_Coverage
2024-01-01,150,136,14,90.67,9,2,50.0
2024-01-04,166,150,16,90.36,10,1,50.2
2024-01-05,192,171,21,89.06,21,4,50.3
2024-01-07,181,153,28,84.53,5,9,50.5
2024-01-10,157,135,22,85.99,8,8,50.7
2024-01-12,192,172,20,89.58,19,8,50.9
2024-01-15,198,185,13,93.43,5,3,51.0
2024-01-17,186,179,7,96.24,18,1,51.2
2024-01-18,108,93,15,86.11,6,0,51.4
2024-01-19,175,166,9,94.86,28,8,51.5
2024-01-20,188,180,8,95.74,28,3,51.7
2024-01-22,110,100,10,90.91,21,6,51.9
2024-01-23,156,139,17,89.1,23,4,52.0
2024-01-24,118,95,23,80.51,23,6,52.2
2024-01-27,120,109,11,90.83,10,6,52.4
2024-01-30,188,178,10,94.68,12,1,52.6
2024-02-02,160,132,28,82.5,12,8,52.7
2024-02-03,171,164,7,95.91,26,4,52.9
2024-02-06,132,117,15,88.64,11,9,53.1
2024-02-09,197,187,10,94.92,17,8,53.2
2024-02-12,129,112,17,86.82,20,2,53.4
2024-02-14,198,183,15,92.42,6,8,53.6
2024-02-17,119,109,10,91.6,22,2,53.8
2024-02-18,197,187,10,94.92,5,4,53.9
2024-02-21,137,132,5,96.35,10,9,54.1
2024-02-24,162,152,10,93.83,6,6,54.3
2024-02-26,117,96,21,82.05,6,6,54.4
2024-02-29,118,96,22,81.36,26,7,54.6
2024-03-03,178,169,9,94.94,5,9,54.8
2024-03-05,159,147,12,92.45,24,9,54.9
2024-03-07,118,98,20,83.05,22,6,55.1
2024-03-09,139,110,29,79.14,24,1,55.3
2024-03-10,131,117,14,89.31,15,3,55.5
2024-03-13,181,156,25,86.19,7,9,55.6
2024-03-14,179,171,8,95.53,6,2,55.8
2024-03-17,153,134,19,87.58,21,4,56.0
2024-03-20,113,89,24,78.76,10,7,56.1
2024-03-23,131,117,14,89.31,18,7,56.3
2024-03-25,101,73,28,72.28,28,6,56.5
2024-03-26,158,153,5,96.84,19,5,56.6
2024-03-27,166,147,19,88.55,18,5,56.8
2024-03-28,166,141,25,84.94,17,1,57.0
2024-03-30,103,96,7,93.2,22,7,57.2
2024-04-01,134,128,6,95.52,12,0,57.3
2024-04-02,124,101,23,81.45,27,9,57.5
2024-04-05,112,99,13,88.39,10,7,57.7
2024-04-07,128,108,20,84.38,18,1,57.8
2024-04-10,161,137,24,85.09,15,1,58.0
2024-04-13,180,157,23,87.22,17,4,58.2
2024-04-14,104,86,18,82.69,29,7,58.4
2024-04-17,161,153,8,95.03,27,8,58.5
2024-04-20,135,106,29,78.52,12,9,58.7
2024-04-23,144,128,16,88.89,18,9,58.9
2024-04-24,163,136,27,83.44,20,8,59.0
2024-04-27,103,75,28,72.82,6,0,59.2
2024-04-29,178,163,15,91.57,21,9,59.4
2024-05-01,186,174,12,93.55,20,7,59.5
2024-05-02,119,108,11,90.76,19,9,59.7
2024-05-04,161,142,19,88.2,16,2,59.9
2024-05-07,137,122,15,89.05,13,2,60.1
2024-05-08,105,89,16,84.76,23,1,60.2
2024-05-09,103,90,13,87.38,7,9,60.4
2024-05-11,136,131,5,96.32,27,7,60.6
2024-05-12,109,94,15,86.24,8,8,60.7
2024-05-15,100,91,9,91.0,6,7,60.9
2024-05-17,172,152,20,88.37,20,6,61.1
2024-05-18,113,99,14,87.61,18,4,61.2
2024-05-21,112,100,12,89.29,15,9,61.4
2024-05-22,160,151,9,94.38,7,4,61.6
2024-05-25,147,125,22,85.03,19,2,61.8
2024-05-27,101,84,17,83.17,28,8,61.9
2024-05-29,113,94,19,83.19,16,7,62.1
2024-05-30,135,107,28,79.26,27,6,62.3
2024-06-01,100,71,29,71.0,25,4,62.4
2024-06-02,167,152,15,91.02,9,2,62.6
2024-06-04,183,154,29,84.15,24,2,62.8
2024-06-06,163,147,16,90.18,8,5,63.0
2024-06-07,127,109,18,85.83,12,5,63.1
2024-06-10,184,172,12,93.48,9,1,63.3
2024-06-13,122,110,12,90.16,9,1,63.5
2024-06-15,133,107,26,80.45,23,5,63.6
2024-06-17,114,95,19,83.33,15,0,63.8
2024-06-20,167,142,25,85.03,28,7,64.0
2024-06-22,166,158,8,95.18,25,8,64.1
2024-06-23,106,96,10,90.57,8,8,64.3
2024-06-25,132,109,23,82.58,6,3,64.5
2024-06-26,113,98,15,86.73,7,8,64.7
2024-06-27,109,84,25,77.06,14,8,64.8
2024-06-30,131,115,16,87.79,21,3,65.0
2024-07-02,149,136,13,91.28,27,9,65.2
2024-07-05,103,83,20,80.58,27,4,65.3
2024-07-07,181,161,20,88.95,7,8,65.5
2024-07-09,100,84,16,84.0,25,8,65.7
2024-07-11,108,100,8,92.59,14,7,65.9
2024-07-12,137,125,12,91.24,10,1,66.0
2024-07-14,170,151,19,88.82,17,0,66.2
2024-07-15,107,89,18,83.18,27,7,66.4
2024-07-18,170,150,20,88.24,14,0,66.5
2024-07-19,147,126,21,85.71,7,7,66.7
2024-07-22,113,107,6,94.69,11,3,66.9
2024-07-25,139,124,15,89.21,8,4,67.0
2024-07-28,169,144,25,85.21,17,8,67.2
2024-07-31,196,190,6,96.94,16,8,67.4
2024-08-01,140,113,27,80.71,15,6,67.6
2024-08-04,136,122,14,89.71,23,6,67.7
2024-08-05,144,131,13,90.97,19,4,67.9
2024-08-07,169,140,29,82.84,5,9,68.1
2024-08-10,175,165,10,94.29,10,6,68.2
2024-08-13,123,111,12,90.24,25,9,68.4
2024-08-15,106,93,13,87.74,12,6,68.6
2024-08-16,119,103,16,86.55,26,8,68.8
2024-08-18,168,139,29,82.74,12,5,68.9
2024-08-19,155,144,11,92.9,26,1,69.1
2024-08-22,147,142,5,96.6,18,3,69.3
2024-08-25,178,170,8,95.51,24,0,69.4
2024-08-26,136,119,17,87.5,8,2,69.6
2024-08-28,166,146,20,87.95,29,4,69.8
2024-08-30,140,121,19,86.43,15,0,69.9
2024-08-31,121,114,7,94.21,20,9,70.1
2024-09-02,134,114,20,85.07,13,6,70.3
2024-09-05,188,176,12,93.62,23,0,70.5
2024-09-08,136,118,18,86.76,14,1,70.6
2024-09-09,139,118,21,84.89,16,2,70.8
2024-09-10,189,163,26,86.24,7,6,71.0
2024-09-11,129,124,5,96.12,8,1,71.1
2024-09-13,101,84,17,83.17,6,0,71.3
2024-09-14,198,189,9,95.45,11,5,71.5
2024-09-16,146,118,28,80.82,17,3,71.6
2024-09-18,154,137,17,88.96,16,6,71.8
2024-09-20,167,151,16,90.42,13,2,72.0
2024-09-21,181,156,25,86.19,6,6,72.2
2024-09-23,136,124,12,91.18,24,1,72.3
2024-09-24,158,142,16,89.87,25,8,72.5
2024-09-27,199,182,17,91.46,8,9,72.7
2024-09-28,165,160,5,96.97,24,4,72.8
2024-10-01,170,162,8,95.29,29,9,73.0
2024-10-04,179,155,24,86.59,10,6,73.2
2024-10-05,182,167,15,91.76,14,3,73.4
2024-10-06,118,95,23,80.51,13,9,73.5
2024-10-09,120,105,15,87.5,6,4,73.7
2024-10-12,187,178,9,95.19,14,9,73.9
2024-10-14,130,115,15,88.46,29,9,74.0
2024-10-15,188,178,10,94.68,27,8,74.2
2024-10-16,184,173,11,94.02,18,3,74.4
2024-10-19,170,157,13,92.35,15,0,74.5
2024-10-21,187,163,24,87.17,18,9,74.7
2024-10-22,184,163,21,88.59,6,6,74.9
2024-10-25,195,166,29,85.13,10,2,75.1
2024-10-28,185,157,28,84.86,17,7,75.2
2024-10-31,195,186,9,95.38,10,6,75.4
2024-11-02,191,168,23,87.96,17,0,75.6
2024-11-03,103,85,18,82.52,14,6,75.7
2024-11-06,166,145,21,87.35,5,5,75.9
2024-11-08,100,91,9,91.0,29,0,76.1
2024-11-09,100,87,13,87.0,23,8,76.2
2024-11-12,133,122,11,91.73,10,5,76.4
2024-11-13,187,182,5,97.33,9,0,76.6
2024-11-16,168,152,16,90.48,19,2,76.8
2024-11-19,158,141,17,89.24,20,2,76.9
2024-11-21,123,95,28,77.24,26,4,77.1
2024-11-24,173,145,28,83.82,24,3,77.3
2024-11-27,174,159,15,91.38,8,2,77.4
2024-11-30,152,129,23,84.87,9,2,77.6
2024-12-03,155,134,21,86.45,20,3,77.8
2024-12-04,105,89,16,84.76,13,8,78.0
2024-12-07,172,164,8,95.35,25,3,78.1
2024-12-08,190,174,16,91.58,21,2,78.3
2024-12-10,107,85,22,79.44,13,4,78.5
2024-12-12,133,126,7,94.74,5,8,78.6
2024-12-14,196,174,22,88.78,20,3,78.8
2024-12-15,181,163,18,90.06,22,7,79.0
2024-12-18,185,169,16,91.35,23,4,79.1
2024-12-20,166,137,29,82.53,26,0,79.3
2024-12-23,172,161,11,93.6,16,4,79.5
2024-12-25,191,172,19,90.05,22,6,79.7
2024-12-27,186,181,5,97.31,5,5,79.8
2024-12-30,193,170,23,88.08,17,3,80.0
